strend,ptrend,pclose,pd_limit,timestamp,pz_limit,mtrend
-0.11398,-2946377.7223,26691.67,26839.44479,1684731601,26747.78,-2.30384
-0.09198,-2874967.2371,26703.71,26839.44479,1684731661,26747.78,-1.83439
-0.09273,-2877343.29598,26703.4,26839.44479,1684731721,26747.78,-1.85018
-0.09279,-2877539.01799,26703.4,26839.44479,1684731781,26747.78,-1.85148
-0.09288,-2877841.37449,26703.4,26839.44479,1684731841,26747.78,-1.85349
-0.07817,-2831909.36571,26711.11,26839.44479,1684731901,26747.78,-1.54619
-0.06621,-2795622.19068,26717.2,26839.44479,1684731961,26747.78,-1.30023
-0.07565,-2824195.47179,26712.56,26839.44479,1684732021,26747.78,-1.49414
-0.07589,-2824923.08463,26712.57,26839.44479,1684732081,26747.78,-1.49905
-0.07578,-2824572.68741,26712.73,26839.44479,1684732141,26747.78,-1.49669
-0.07655,-2826950.11956,26712.56,26839.44479,1684732205,26747.78,-1.51274
-0.08235,-2844820.91476,26709.86,26839.44479,1684732261,26747.78,-1.63302
-0.03904,-2716587.39526,26730.71,26839.44479,1684732321,26747.78,-0.75453
-0.0377,-2712806.36828,26731.33,26839.44479,1684732381,26747.78,-0.72807
-0.03773,-2712894.54275,26731.33,26839.44479,1684732441,26747.78,-0.72869
-0.03786,-2713255.69532,26731.3,26839.44479,1684732501,26747.78,-0.73122
-0.02069,-2665680.66308,26738.99,26839.44479,1684732562,26747.78,-0.39559
-0.01084,-2582533.3972,26752.22,26839.44479,1684732621,26747.78,-0.20178
-0.02776,-2685072.08662,26735.99,26839.44479,1684732681,26747.78,-0.53302
-0.04032,-2720214.81623,26730.49,26839.44479,1684732741,26747.78,-0.77988
-0.03437,-2703468.31461,26733.15,26839.44479,1684732801,26747.78,-0.66259
-0.03437,-2703462.35869,26733.16,26839.44479,1684732861,26747.78,-0.66255
-0.03442,-2703587.14298,26733.15,26839.44479,1684732921,26747.78,-0.66343
-0.03443,-2703609.45198,26733.15,26839.44479,1684732981,26747.78,-0.66359
-0.00722,-2629509.61418,26744.8,26839.44479,1684733041,26747.78,-0.13692
-0.00545,-2596393.1341,26750.0,26839.44479,1684733101,26747.78,-0.10215
-0.00545,-2596386.3578,26750.0,26839.44479,1684733161,26747.78,-0.1022
-0.01114,-2581780.27781,26752.29,26839.44479,1684733221,26747.78,-0.20719
-0.01296,-2577126.16205,26753.01,26839.44479,1684733281,26747.78,-0.24053
-0.00708,-2629160.21317,26744.87,26839.44479,1684733341,26747.78,-0.1344
-0.00707,-2629130.80157,26744.88,26839.44479,1684733401,26747.78,-0.13419
-0.00017,-2610087.59874,26747.85,26839.44479,1684733461,26747.78,-0.00325
-0.00709,-2629177.51402,26744.88,26839.44479,1684733521,26747.78,-0.13453
-0.02391,-2674489.99465,26737.84,26839.44479,1684733581,26747.78,-0.45813
-0.03272,-2698850.07901,26734.07,26839.44479,1684733641,26747.78,-0.63014
-0.04507,-2733752.55997,26728.68,26839.44479,1684733701,26747.78,-0.87423
-0.00276,-2617769.22215,26746.66,26839.44479,1684733761,26747.78,-0.05229
-0.00274,-2617713.1494,26746.67,26839.44479,1684733821,26747.78,-0.05189
-0.02115,-2666941.99646,26739.07,26839.44479,1684733881,26747.78,-0.40456
-0.01006,-2584532.46987,26751.78,26839.44479,1684733941,26747.78,-0.18744
-0.00157,-2606436.2679,26748.41,26839.44479,1684734001,26747.78,-0.02966
-0.01287,-2577367.38147,26752.87,26839.44479,1684734061,26747.78,-0.23881
-0.11458,-2342166.83598,26788.13,26839.44479,1684734121,26747.78,-1.86056
-0.03254,-2528256.83275,26760.01,26839.44479,1684734181,26747.78,-0.58766
-0.06432,-2452768.79268,26771.16,26839.44479,1684734241,26747.78,-1.11318
-0.08969,-2395658.81964,26779.51,26839.44479,1684734301,26747.78,-1.50237
-0.0744,-2429767.10116,26774.39,26839.44479,1684734361,26747.78,-1.27078
-0.06321,-2455346.0317,26770.56,26839.44479,1684734421,26747.78,-1.09544
-0.02548,-2545660.96808,26757.29,26839.44479,1684734481,26747.78,-0.46467
-0.03321,-2526617.742,26760.06,26839.44479,1684734541,26747.78,-0.59921
-0.03356,-2525783.13179,26760.16,26839.44479,1684734601,26747.78,-0.60509
-0.03368,-2525483.67102,26760.18,26839.44479,1684734661,26747.78,-0.6072
-0.03492,-2522455.85829,26760.61,26839.44479,1684734721,26747.78,-0.6285
-0.03494,-2522401.29256,26760.61,26839.44479,1684734781,26747.78,-0.62889
-0.02834,-2538605.22491,26758.24,26839.44479,1684734841,26747.78,-0.51462
-0.01508,-2571747.12983,26753.41,26839.44479,1684734901,26747.78,-0.27901
-0.01084,-2582543.92729,26751.84,26839.44479,1684734961,26747.78,-0.20171
-0.00593,-2595154.5852,26750.01,26839.44479,1684735021,26747.78,-0.11107
-0.00326,-2602050.06209,26749.01,26839.44479,1684735081,26747.78,-0.06135
-0.02008,-2559154.89315,26755.22,26839.44479,1684735141,26747.78,-0.36883
-0.02255,-2552971.93364,26756.09,26839.44479,1684735201,26747.78,-0.4128
-0.03673,-2518056.64507,26761.11,26839.44479,1684735261,26747.78,-0.65942
-0.03667,-2518199.692,26761.07,26839.44479,1684735321,26747.78,-0.65842
-0.03682,-2517839.73873,26761.1,26839.44479,1684735381,26747.78,-0.66095
-0.0347,-2522988.80963,26760.27,26839.44479,1684735441,26747.78,-0.62475
-0.05697,-2469830.33454,26767.83,26839.44479,1684735501,26747.78,-0.99552
-0.06378,-2454026.50333,26770.02,26839.44479,1684735561,26747.78,-1.10453
-0.05365,-2477613.48653,26766.64,26839.44479,1684735621,26747.78,-0.94163
-0.07659,-2424829.56446,26774.08,26839.44479,1684735681,26747.78,-1.30447
-0.0987,-2376029.11274,26780.95,26839.44479,1684735741,26747.78,-1.63452
-0.07937,-2418574.84278,26774.88,26839.44479,1684735801,26747.78,-1.34706
-0.04654,-2494456.96442,26764.14,26839.44479,1684735861,26747.78,-0.82455
-0.09405,-2386116.9523,26779.32,26839.44479,1684735921,26747.78,-1.56671
-0.10904,-2353868.43835,26783.82,26839.44479,1684735981,26747.78,-1.78272
-0.10915,-2353644.169,26783.82,26839.44479,1684736041,26747.78,-1.78422
-0.10923,-2353476.84981,26783.83,26839.44479,1684736101,26747.78,-1.78533
-0.13415,-2301747.18444,26791.04,26839.44479,1684736161,26747.78,-2.12724
-0.17603,-2219784.98386,26802.28,26839.44479,1684736221,26747.78,-2.65776
-0.21782,-2143610.68409,26812.33,26839.44479,1684736281,26747.78,-3.13891
-0.39995,-1864740.54726,26849.99,26839.44479,1684736341,26747.78,-4.80874
-0.6613,-1571384.23329,26887.99,26839.44479,1684736401,26747.78,-6.42407
-0.45497,-1794217.29473,26856.95,26839.44479,1684736461,26747.78,-5.20962
-0.57489,-1657604.47648,26874.28,26839.44479,1684736521,26747.78,-5.9633
-0.69734,-1538018.51138,26888.75,26839.44479,1684736581,26747.78,-6.5994
-0.65336,-1578925.49941,26882.02,26839.44479,1684736641,26747.78,-6.38422
-0.54387,-1690909.14013,26867.0,26839.44479,1684736701,26747.78,-5.78227
-0.51818,-1719512.90754,26862.93,26839.44479,1684736761,26747.78,-5.62541
-0.62591,-1605588.5262,26877.27,26839.44479,1684736821,26747.78,-6.24262
-0.69445,-1540638.32198,26884.91,26839.44479,1684736881,26747.78,-6.5857
-0.70213,-1533687.84011,26885.26,26839.44479,1684736941,26747.78,-6.62204
-0.82033,-1434100.77288,26897.71,26839.44479,1684737001,26747.78,-7.13514
-0.90596,-1369673.70423,26905.31,26839.44479,1684737061,26747.78,-7.45964
-0.61998,-1611466.13296,26873.93,26839.44479,1684737121,26747.78,-6.21126
-0.75601,-1486628.48315,26888.76,26839.44479,1684737181,26747.78,-6.86627
-0.67714,-1556538.68758,26879.82,26839.44479,1684737241,26747.78,-6.50229
-0.60385,-1627669.55794,26870.69,26839.44479,1684737301,26747.78,-6.12455
-0.46609,-1780608.31991,26851.37,26839.44479,1684737361,26747.78,-5.28603
-0.47753,-1766820.7697,26852.88,26839.44479,1684737421,26747.78,-5.36314
-0.47409,-1770943.196,26852.22,26839.44479,1684737482,26747.78,-5.34012
-0.5307,-1705452.79013,26860.23,26839.44479,1684737541,26747.78,-5.70268
-0.51028,-1728515.39791,26856.93,26839.44479,1684737601,26747.78,-5.57578
-0.55216,-1681872.41117,26862.54,26839.44479,1684737661,26747.78,-5.83156
-0.46705,-1779445.31295,26850.05,26839.44479,1684737721,26747.78,-5.29255
-0.46805,-1778239.52141,26850.01,26839.44479,1684737781,26747.78,-5.2993
-0.37902,-1893035.0979,26835.79,26839.44479,1684737841,26747.78,-4.64556
-0.4031,-1860545.69834,26839.68,26839.44479,1684737901,26747.78,-4.83281
-0.36417,-1913645.61657,26833.13,26839.44479,1684737961,26747.78,-4.52584
-0.353,-1929445.32857,26830.99,26839.44479,1684738021,26747.78,-4.43357
-0.32577,-1969067.11294,26825.91,26839.44479,1684738081,26747.78,-4.20027
-0.29816,-2010953.64311,26820.75,26839.44479,1684738141,26747.78,-3.95063
-0.27336,-2050119.22112,26815.65,26839.44479,1684738201,26747.78,-3.71436
-0.34866,-1935650.75374,26829.42,26839.44479,1684738261,26747.78,-4.39721
-0.27469,-2047976.31643,26815.76,26839.44479,1684738321,26747.78,-3.72736
-0.2937,-2017882.17521,26819.26,26839.44479,1684738381,26747.78,-3.90904
-0.31149,-1990513.29844,26822.44,26839.44479,1684738441,26747.78,-4.07285
-0.30801,-1995810.93418,26821.68,26839.44479,1684738502,26747.78,-4.04124
-0.39365,-1873158.75898,26836.3,26839.44479,1684738562,26747.78,-4.76033
-0.40909,-1852642.72557,26838.53,26839.44479,1684738621,26747.78,-4.87809
-0.39144,-1876141.93505,26835.61,26839.44479,1684738681,26747.78,-4.74315
-0.33171,-1960286.24172,26825.49,26839.44479,1684738741,26747.78,-4.25221
-0.32345,-1972523.79842,26823.89,26839.44479,1684738801,26747.78,-4.17979
-0.33865,-1950122.77361,26826.5,26839.44479,1684738861,26747.78,-4.31216
-0.33932,-1949157.11178,26826.56,26839.44479,1684738921,26747.78,-4.31785
-0.33949,-1948897.08625,26826.57,26839.44479,1684738981,26747.78,-4.31938
-0.3406,-1947295.3239,26826.58,26839.44479,1684739041,26747.78,-4.32881
-0.34073,-1947104.88873,26826.57,26839.44479,1684739101,26747.78,-4.32993
-0.28404,-2033071.84568,26815.93,26839.44479,1684739161,26747.78,-3.81754
-0.22507,-2130925.82177,26804.23,26839.44479,1684739221,26747.78,-3.21795
-0.21924,-2141117.01202,26802.89,26839.44479,1684739281,26747.78,-3.15448
-0.19631,-2182160.29679,26798.01,26839.44479,1684739341,26747.78,-2.89683
-0.24103,-2103527.40978,26807.05,26839.44479,1684739401,26747.78,-3.38763
-0.27709,-2044121.43379,26813.78,26839.44479,1684739461,26747.78,-3.75072
-0.29519,-2015567.83772,26817.04,26839.44479,1684739521,26747.78,-3.92294
-0.34939,-1934601.64036,26826.41,26839.44479,1684739581,26747.78,-4.40337
-0.37684,-1896038.361,26830.73,26839.44479,1684739641,26747.78,-4.62816
-0.37781,-1894701.45697,26830.74,26839.44479,1684739701,26747.78,-4.63591
-0.378,-1894445.14864,26830.73,26839.44479,1684739761,26747.78,-4.63739
-0.34137,-1946172.1585,26824.66,26839.44479,1684739821,26747.78,-4.33542
-0.36721,-1909394.9005,26828.84,26839.44479,1684739881,26747.78,-4.55059
-0.37093,-1904206.57019,26829.41,26839.44479,1684739941,26747.78,-4.58076
-0.37725,-1895471.83801,26830.36,26839.44479,1684740001,26747.78,-4.63144
-0.41694,-1842371.54189,26836.29,26839.44479,1684740061,26747.78,-4.93678
-0.43872,-1814490.0757,26839.41,26839.44479,1684740122,26747.78,-5.09522
-0.37659,-1896385.07884,26829.69,26839.44479,1684740182,26747.78,-4.62615
-0.4715,-1774059.51874,26843.18,26839.44479,1684740242,26747.78,-5.3227
-0.4188,-1839963.48784,26835.53,26839.44479,1684740301,26747.78,-4.95052
-0.4741,-1770940.12312,26843.17,26839.44479,1684740361,26747.78,-5.34014
-0.41996,-1838454.83122,26835.4,26839.44479,1684740421,26747.78,-4.95912
-0.47527,-1769528.16865,26843.11,26839.44479,1684740481,26747.78,-5.34803
-0.37634,-1896723.78299,26828.57,26839.44479,1684740541,26747.78,-4.62419
-0.51032,-1728466.63901,26847.49,26839.44479,1684740601,26747.78,-5.57605
-0.52023,-1717193.73811,26848.69,26839.44479,1684740661,26747.78,-5.63818
-0.43036,-1825088.71301,26836.3,26839.44479,1684740722,26747.78,-5.03515
-0.43647,-1817324.44864,26837.05,26839.44479,1684740781,26747.78,-5.07917
-0.45018,-1800152.22389,26838.89,26839.44479,1684740841,26747.78,-5.1762
-0.52771,-1708794.554,26849.0,26839.44479,1684740901,26747.78,-5.68434
-0.55257,-1681430.69174,26852.0,26839.44479,1684740961,26747.78,-5.83397
-0.52665,-1709972.63094,26848.56,26839.44479,1684741021,26747.78,-5.67787
-0.54893,-1685382.65514,26851.23,26839.44479,1684741082,26747.78,-5.81243
-0.63517,-1596489.90881,26861.07,26839.44479,1684741141,26747.78,-6.29106
-0.63684,-1594867.18802,26861.08,26839.44479,1684741201,26747.78,-6.29969
-0.63742,-1594294.19115,26861.0,26839.44479,1684741261,26747.78,-6.30273
-0.6829,-1551214.7349,26865.44,26839.44479,1684741321,26747.78,-6.53026
-0.57708,-1655293.14704,26853.74,26839.44479,1684741381,26747.78,-5.9758
-0.76291,-1480811.31873,26872.72,26839.44479,1684741441,26747.78,-6.89624
-0.72,-1517751.60382,26868.48,26839.44479,1684741501,26747.78,-6.70511
-0.75293,-1489244.9159,26871.55,26839.44479,1684741562,26747.78,-6.85278
-0.61421,-1617220.62317,26856.94,26839.44479,1684741621,26747.78,-6.18051
-0.71625,-1521068.09071,26867.05,26839.44479,1684741681,26747.78,-6.68785
-0.68047,-1553457.57876,26863.3,26839.44479,1684741741,26747.78,-6.51848
-0.59612,-1635555.62148,26854.24,26839.44479,1684741801,26747.78,-6.0822
-0.59662,-1635037.59457,26854.24,26839.44479,1684741862,26747.78,-6.08499
-0.55815,-1675411.24276,26849.64,26839.44479,1684741922,26747.78,-5.86672
-0.5673,-1665625.40555,26850.65,26839.44479,1684741981,26747.78,-5.91986
-0.56793,-1664959.64634,26850.65,26839.44479,1684742041,26747.78,-5.92347
-0.56837,-1664493.68021,26850.65,26839.44479,1684742102,26747.78,-5.92599
-0.5683,-1664560.25628,26850.6,26839.44479,1684742161,26747.78,-5.92563
-0.56891,-1663916.66314,26850.59,26839.44479,1684742221,26747.78,-5.92912
-0.52119,-1716114.49615,26844.72,26839.44479,1684742281,26747.78,-5.64412
-0.50928,-1729658.39409,26843.17,26839.44479,1684742341,26747.78,-5.56947
-0.50915,-1729809.40663,26843.12,26839.44479,1684742401,26747.78,-5.56864
-0.453,-1796653.77253,26835.67,26839.44479,1684742461,26747.78,-5.1959
-0.7163,-1521026.49982,26864.99,26839.44479,1684742521,26747.78,-6.68807
-0.75349,-1488768.02918,26867.73,26839.44479,1684742581,26747.78,-6.85524
-0.71865,-1518943.05147,26864.42,26839.44479,1684742641,26747.78,-6.69891
-0.80567,-1445741.60792,26872.0,26839.44479,1684742701,26747.78,-7.07589
-0.89314,-1378945.6492,26879.01,26839.44479,1684742761,26747.78,-7.4133
-0.85517,-1407170.44908,26875.81,26839.44479,1684742821,26747.78,-7.27148
-0.78318,-1463981.66725,26869.54,26839.44479,1684742881,26747.78,-6.98267
-0.83241,-1424645.4416,26873.62,26839.44479,1684742941,26747.78,-7.18312
-0.82211,-1432700.20201,26872.73,26839.44479,1684743001,26747.78,-7.14225
-0.77918,-1467269.69375,26868.9,26839.44479,1684743061,26747.78,-6.96582
-0.79146,-1457208.46002,26869.89,26839.44479,1684743121,26747.78,-7.01734
-0.87171,-1394730.78511,26876.36,26839.44479,1684743181,26747.78,-7.33412
-0.91977,-1359817.98115,26879.99,26839.44479,1684743241,26747.78,-7.50878
-0.97055,-1324774.27774,26883.63,26839.44479,1684743301,26747.78,-7.68244
-1.21709,-1177462.73999,26898.99,26839.44479,1684743361,26747.78,-8.39469
-1.07783,-1256379.32611,26890.34,26839.44479,1684743421,26747.78,-8.01664
-1.05215,-1272100.83299,26888.52,26839.44479,1684743481,26747.78,-7.94036
-0.88562,-1384445.20665,26876.43,26839.44479,1684743541,26747.78,-7.38575
-0.99425,-1309029.28618,26884.21,26839.44479,1684743602,26747.78,-7.75992
-0.94261,-1343831.28789,26880.27,26839.44479,1684743661,26747.78,-7.58821
-0.90271,-1372006.92257,26877.12,26839.44479,1684743721,26747.78,-7.44799
-0.90357,-1371389.12876,26877.12,26839.44479,1684743781,26747.78,-7.45108
-0.88892,-1382026.92602,26875.91,26839.44479,1684743841,26747.78,-7.39787
-0.8609,-1402838.08904,26873.65,26839.44479,1684743901,26747.78,-7.29332
-0.818,-1435936.93805,26870.09,26839.44479,1684743961,26747.78,-7.12581
-0.79689,-1452809.22041,26868.26,26839.44479,1684744021,26747.78,-7.03983
-0.72776,-1510939.77718,26862.12,26839.44479,1684744081,26747.78,-6.7405
-0.77256,-1472749.6753,26865.92,26839.44479,1684744141,26747.78,-6.93769
-0.72301,-1515104.0409,26861.37,26839.44479,1684744201,26747.78,-6.71887
-0.88402,-1385617.38248,26874.67,26839.44479,1684744261,26747.78,-7.37987
-0.89884,-1374807.61777,26875.61,26839.44479,1684744321,26747.78,-7.434
-0.91941,-1360073.7882,26877.08,26839.44479,1684744381,26747.78,-7.50751
-0.9213,-1358736.86705,26877.11,26839.44479,1684744441,26747.78,-7.51416
-0.81305,-1439859.43806,26868.56,26839.44479,1684744501,26747.78,-7.10585
-0.87261,-1394063.21529,26873.17,26839.44479,1684744561,26747.78,-7.33747
-0.7107,-1526006.68526,26859.37,26839.44479,1684744621,26747.78,-6.66212
-0.57311,-1659471.20743,26845.41,26839.44479,1684744681,26747.78,-5.9532
-0.68273,-1551367.15647,26856.41,26839.44479,1684744741,26747.78,-6.52946
-0.65569,-1576709.9515,26853.69,26839.44479,1684744801,26747.78,-6.39594
-0.6802,-1553701.91807,26856.0,26839.44479,1684744861,26747.78,-6.51719
-0.69941,-1536140.61399,26857.72,26839.44479,1684744921,26747.78,-6.60922
-0.74391,-1496941.88994,26861.67,26839.44479,1684744981,26747.78,-6.81302
-0.74479,-1496188.70462,26861.67,26839.44479,1684745041,26747.78,-6.81691
-0.74513,-1495898.83984,26861.66,26839.44479,1684745101,26747.78,-6.81841
-0.83474,-1422835.0084,26868.98,26839.44479,1684745161,26747.78,-7.1923
-0.83538,-1422339.21501,26868.97,26839.44479,1684745221,26747.78,-7.19481
-0.79908,-1451042.63997,26865.92,26839.44479,1684745281,26747.78,-7.04885
-0.7477,-1493702.16532,26861.46,26839.44479,1684745341,26747.78,-6.82976
-0.74833,-1493161.66126,26861.46,26839.44479,1684745401,26747.78,-6.83256
-0.74888,-1492690.66683,26861.46,26839.44479,1684745461,26747.78,-6.83499
-0.74922,-1492403.34972,26861.46,26839.44479,1684745521,26747.78,-6.83647
-0.74935,-1492288.25475,26861.45,26839.44479,1684745581,26747.78,-6.83707
-0.74264,-1498032.3271,26860.82,26839.44479,1684745643,26747.78,-6.80738
-0.49142,-1750367.59655,26834.82,26839.44479,1684745702,26747.78,-5.45477
-0.50112,-1739057.62805,26835.82,26839.44479,1684745761,26747.78,-5.51749
-0.5017,-1738392.97359,26835.82,26839.44479,1684745821,26747.78,-5.52117
-0.50017,-1740163.64843,26835.56,26839.44479,1684745881,26747.78,-5.51137
-0.43427,-1820116.49553,26827.39,26839.44479,1684745941,26747.78,-5.06335
-0.42859,-1827356.32061,26826.63,26839.44479,1684746002,26747.78,-5.02227
-0.49293,-1748595.62644,26834.45,26839.44479,1684746061,26747.78,-5.46461
-0.53453,-1701194.08035,26839.15,26839.44479,1684746121,26747.78,-5.72602
-0.52503,-1711789.28797,26838.02,26839.44479,1684746181,26747.78,-5.6679
-0.52549,-1711282.1491,26838.02,26839.44479,1684746241,26747.78,-5.67068
-0.55429,-1679569.48437,26841.14,26839.44479,1684746301,26747.78,-5.8441
-0.59128,-1640526.03662,26844.99,26839.44479,1684746361,26747.78,-6.05546
-0.62287,-1608593.5967,26848.14,26839.44479,1684746421,26747.78,-6.2266
-0.6411,-1590719.94795,26849.9,26839.44479,1684746481,26747.78,-6.32171
-0.68662,-1547788.72028,26854.09,26839.44479,1684746541,26747.78,-6.54823
-0.68843,-1546133.31914,26854.11,26839.44479,1684746601,26747.78,-6.55691
-0.62659,-1604911.16406,26848.15,26839.44479,1684746661,26747.78,-6.24623
-0.65068,-1581491.68161,26850.42,26839.44479,1684746722,26747.78,-6.37064
-0.68946,-1545193.48317,26853.93,26839.44479,1684746781,26747.78,-6.56184
-0.69005,-1544652.48811,26853.94,26839.44479,1684746841,26747.78,-6.56467
-0.69501,-1540131.97584,26854.35,26839.44479,1684746901,26747.78,-6.58835
-0.72297,-1515137.68587,26856.77,26839.44479,1684746962,26747.78,-6.7187
-0.72059,-1517229.32023,26856.5,26839.44479,1684747021,26747.78,-6.70782
-0.7341,-1505414.60545,26857.61,26839.44479,1684747081,26747.78,-6.76916
-0.85285,-1408932.57749,26866.96,26839.44479,1684747141,26747.78,-7.26259
-0.99444,-1308906.65687,26876.63,26839.44479,1684747201,26747.78,-7.76052
-1.09217,-1247765.46085,26882.43,26839.44479,1684747261,26747.78,-8.05829
-1.17111,-1202398.20272,26886.81,26839.44479,1684747321,26747.78,-8.2761
-1.14552,-1216740.78915,26885.28,26839.44479,1684747381,26747.78,-8.20753
-1.01318,-1296723.16639,26877.2,26839.44479,1684747441,26747.78,-7.82025
-0.93259,-1350794.80371,26871.78,26839.44479,1684747501,26747.78,-7.55365
-0.93367,-1350042.07039,26871.78,26839.44479,1684747561,26747.78,-7.55739
-0.93441,-1349524.13231,26871.78,26839.44479,1684747621,26747.78,-7.55996
-0.76031,-1482998.51388,26858.5,26839.44479,1684747681,26747.78,-6.88498
-0.80953,-1442661.088,26862.28,26839.44479,1684747741,26747.78,-7.09159
-0.81027,-1442073.83946,26862.24,26839.44479,1684747801,26747.78,-7.09458
-0.8851,-1384829.61665,26867.71,26839.44479,1684747861,26747.78,-7.38382
-0.88572,-1384368.25194,26867.71,26839.44479,1684747921,26747.78,-7.38613
-0.83516,-1422512.42193,26863.91,26839.44479,1684747981,26747.78,-7.19393
-0.83602,-1421842.64063,26863.89,26839.44479,1684748041,26747.78,-7.19732
-0.83634,-1421599.54188,26863.88,26839.44479,1684748101,26747.78,-7.19855
-0.7884,-1459706.8609,26860.01,26839.44479,1684748161,26747.78,-7.00456
-0.79862,-1451409.85093,26860.75,26839.44479,1684748222,26747.78,-7.04697
-0.80065,-1449774.41361,26860.75,26839.44479,1684748281,26747.78,-7.05532
-0.80136,-1449205.93389,26860.75,26839.44479,1684748341,26747.78,-7.05822
-0.80203,-1448661.77773,26860.75,26839.44479,1684748401,26747.78,-7.061
-0.80302,-1447871.0092,26860.75,26839.44479,1684748461,26747.78,-7.06503
-0.77302,-1472363.24359,26858.27,26839.44479,1684748522,26747.78,-6.93968
-0.74101,-1499441.58328,26855.58,26839.44479,1684748581,26747.78,-6.80009
-0.74157,-1498953.16864,26855.57,26839.44479,1684748641,26747.78,-6.80262
-0.74261,-1498060.74937,26855.58,26839.44479,1684748701,26747.78,-6.80723
-0.79043,-1458046.26036,26859.39,26839.44479,1684748761,26747.78,-7.01306
-0.79083,-1457720.66399,26859.4,26839.44479,1684748821,26747.78,-7.01472
-0.79148,-1457195.13305,26859.41,26839.44479,1684748881,26747.78,-7.01741
-0.7301,-1508889.92771,26854.26,26839.44479,1684748941,26747.78,-6.75114
-0.68255,-1551539.21665,26850.07,26839.44479,1684749001,26747.78,-6.52855
-0.67336,-1560060.64382,26849.11,26839.44479,1684749061,26747.78,-6.48376
-0.65836,-1574167.14414,26847.47,26839.44479,1684749121,26747.78,-6.40938
-0.49868,-1741886.71843,26831.16,26839.44479,1684749181,26747.78,-5.50182
-0.47808,-1766161.76311,26828.65,26839.44479,1684749241,26747.78,-5.36682
-0.54229,-1692641.334,26835.6,26839.44479,1684749301,26747.78,-5.77281
-0.66638,-1566595.47211,26847.53,26839.44479,1684749361,26747.78,-6.44934
-0.7739,-1471634.88439,26856.56,26839.44479,1684749421,26747.78,-6.94342
-0.81907,-1435095.56913,26859.99,26839.44479,1684749481,26747.78,-7.13008
-0.89853,-1375030.5489,26865.23,26839.44479,1684749541,26747.78,-7.43288
-0.86305,-1401216.72254,26862.57,26839.44479,1684749601,26747.78,-7.30149
-0.95027,-1338550.29199,26868.31,26839.44479,1684749661,26747.78,-7.61437
-0.85834,-1404770.11631,26861.9,26839.44479,1684749721,26747.78,-7.28358
-0.85886,-1404372.87236,26861.91,26839.44479,1684749781,26747.78,-7.28559
-1.06436,-1264571.51439,26875.0,26839.44479,1684749841,26747.78,-7.97693
-1.01863,-1293224.94201,26872.19,26839.44479,1684749901,26747.78,-7.83737
-1.07796,-1256298.52079,26875.52,26839.44479,1684749961,26747.78,-8.01703
-1.07869,-1255859.47539,26875.53,26839.44479,1684750021,26747.78,-8.01916
-0.95022,-1338586.3216,26867.44,26839.44479,1684750081,26747.78,-7.61419
-0.87021,-1395853.53042,26861.9,26839.44479,1684750141,26747.78,-7.32847
-0.80424,-1446891.65388,26856.92,26839.44479,1684750201,26747.78,-7.07003
-0.66852,-1564582.49796,26845.72,26839.44479,1684750261,26747.78,-6.45995
-0.70579,-1530399.17963,26848.79,26839.44479,1684750321,26747.78,-6.63921
-0.65803,-1574478.457,26844.56,26839.44479,1684750381,26747.78,-6.40773
-0.6284,-1603132.48069,26841.79,26839.44479,1684750441,26747.78,-6.25571
-0.69521,-1539947.99558,26847.64,26839.44479,1684750501,26747.78,-6.58931
-0.72454,-1513757.33443,26850.0,26839.44479,1684750561,26747.78,-6.72587
-0.72476,-1513563.97303,26850.0,26839.44479,1684750621,26747.78,-6.72687
-0.67364,-1559797.74816,26845.64,26839.44479,1684750681,26747.78,-6.48514
-0.67446,-1559034.36635,26845.63,26839.44479,1684750741,26747.78,-6.48916
-0.6647,-1568173.11104,26844.75,26839.44479,1684750801,26747.78,-6.44102
-0.64629,-1585708.45857,26843.08,26839.44479,1684750861,26747.78,-6.3483
-0.64167,-1590169.26935,26842.6,26839.44479,1684750921,26747.78,-6.32464
-0.64189,-1589958.33609,26842.56,26839.44479,1684750981,26747.78,-6.32576
-0.6639,-1568923.90224,26844.46,26839.44479,1684751041,26747.78,-6.43706
-0.66444,-1568419.34732,26844.47,26839.44479,1684751101,26747.78,-6.43972
-0.72535,-1513046.71136,26849.56,26839.44479,1684751161,26747.78,-6.72956
-0.68204,-1552009.96615,26845.89,26839.44479,1684751221,26747.78,-6.52608
-0.68011,-1553785.20961,26845.68,26839.44479,1684751281,26747.78,-6.51676
-0.65793,-1574579.69224,26843.7,26839.44479,1684751341,26747.78,-6.4072
-0.61734,-1614093.12911,26840.0,26839.44479,1684751401,26747.78,-6.19723
-0.59674,-1634918.9111,26838.04,26839.44479,1684751461,26747.78,-6.08562
-0.54569,-1688917.06072,26832.99,26839.44479,1684751521,26747.78,-5.79315
-0.47776,-1766553.16531,26825.78,26839.44479,1684751582,26747.78,-5.36464
-0.36223,-1916375.17156,26811.84,26839.44479,1684751641,26747.78,-4.50993
-0.35004,-1933670.73472,26810.03,26839.44479,1684751701,26747.78,-4.40882
-0.47946,-1764523.56925,26825.49,26839.44479,1684751761,26747.78,-5.37596
-0.45379,-1795682.24095,26822.54,26839.44479,1684751821,26747.78,-5.20137
-0.51733,-1720483.29894,26829.41,26839.44479,1684751881,26747.78,-5.62007
-0.56794,-1664943.87539,26834.45,26839.44479,1684751941,26747.78,-5.92355
-0.53889,-1696377.45236,26831.46,26839.44479,1684752001,26747.78,-5.75238
-0.54878,-1685543.47879,26832.42,26839.44479,1684752061,26747.78,-5.81155
-0.51233,-1726165.22947,26828.63,26839.44479,1684752121,26747.78,-5.58875
-0.51267,-1725784.06283,26828.62,26839.44479,1684752181,26747.78,-5.59085
-0.43379,-1820728.20302,26819.87,26839.44479,1684752241,26747.78,-5.05988
-0.40807,-1853983.36143,26816.79,26839.44479,1684752301,26747.78,-4.87042
-0.38975,-1878418.92321,26814.48,26839.44479,1684752361,26747.78,-4.73002
-0.30016,-2007853.76088,26802.51,26839.44479,1684752421,26747.78,-3.96921
-0.32244,-1974029.54592,26805.28,26839.44479,1684752481,26747.78,-4.17086
-0.28966,-2024207.24755,26800.63,26839.44479,1684752541,26747.78,-3.87099
-0.31263,-1988788.73331,26803.78,26839.44479,1684752601,26747.78,-4.08312
-0.35798,-1922371.80329,26809.66,26839.44479,1684752661,26747.78,-4.47493
-0.3582,-1922054.15652,26809.67,26839.44479,1684752721,26747.78,-4.47679
-0.33969,-1948613.1479,26807.26,26839.44479,1684752781,26747.78,-4.32105
-0.47389,-1771192.1478,26823.11,26839.44479,1684752841,26747.78,-5.33873
-0.47177,-1773741.56744,26822.84,26839.44479,1684752901,26747.78,-5.32448
-0.50757,-1731619.50111,26826.57,26839.44479,1684752961,26747.78,-5.55864
-0.51928,-1718276.30379,26827.69,26839.44479,1684753021,26747.78,-5.63222
-0.54354,-1691263.38042,26830.0,26839.44479,1684753081,26747.78,-5.78034
-0.54403,-1690724.822,26829.99,26839.44479,1684753141,26747.78,-5.78328
-0.56302,-1670191.54027,26831.78,26839.44479,1684753201,26747.78,-5.89508
-0.58839,-1643515.6101,26834.11,26839.44479,1684753261,26747.78,-6.03936
-0.57066,-1662066.87507,26832.41,26839.44479,1684753321,26747.78,-5.93914
-0.54557,-1689043.6217,26829.95,26839.44479,1684753381,26747.78,-5.79246
-0.54525,-1689394.73684,26829.86,26839.44479,1684753441,26747.78,-5.79054
-0.53786,-1697514.20527,26829.09,26839.44479,1684753501,26747.78,-5.74616
-0.53193,-1704082.40048,26828.42,26839.44479,1684753561,26747.78,-5.71019
-0.53338,-1702471.49336,26828.51,26839.44479,1684753621,26747.78,-5.71902
-0.53372,-1702099.98762,26828.51,26839.44479,1684753681,26747.78,-5.72106
-0.53399,-1701798.79449,26828.51,26839.44479,1684753741,26747.78,-5.72271
-0.48981,-1752266.81917,26823.93,26839.44479,1684753802,26747.78,-5.44421
-0.34662,-1938582.73664,26807.33,26839.44479,1684753861,26747.78,-4.38001
-0.3651,-1912339.61601,26809.64,26839.44479,1684753921,26747.78,-4.53345
-0.36539,-1911927.81083,26809.65,26839.44479,1684753981,26747.78,-4.53585
-0.30297,-2003530.51972,26801.46,26839.44479,1684754041,26747.78,-3.9951
-0.24407,-2098380.54978,26793.02,26839.44479,1684754101,26747.78,-3.41935
-0.2887,-2025718.69784,26799.35,26839.44479,1684754161,26747.78,-3.86188
-0.24253,-2100980.70263,26792.69,26839.44479,1684754221,26747.78,-3.40333
-0.18753,-2198282.15422,26784.02,26839.44479,1684754281,26747.78,-2.79473
-0.13209,-2305938.40291,26774.38,26839.44479,1684754341,26747.78,-2.09974
-0.15712,-2256066.7577,26778.65,26839.44479,1684754401,26747.78,-2.42459
-0.21656,-2145826.59387,26788.14,26839.44479,1684754461,26747.78,-3.12508
-0.25768,-2075681.74172,26794.2,26839.44479,1684754521,26747.78,-3.55863
-0.20259,-2170754.13996,26785.88,26839.44479,1684754581,26747.78,-2.96875
-0.21919,-2141211.9767,26788.4,26839.44479,1684754641,26747.78,-3.15388
-0.21919,-2141213.62625,26788.39,26839.44479,1684754701,26747.78,-3.15387
-0.26808,-2058657.09353,26795.48,26839.44479,1684754761,26747.78,-3.66248
-0.2684,-2058134.34351,26795.48,26839.44479,1684754821,26747.78,-3.66566
-0.29522,-2015514.80513,26799.09,26839.44479,1684754881,26747.78,-3.92326
-0.29839,-2010601.57534,26799.49,26839.44479,1684754941,26747.78,-3.95274
-0.28614,-2029748.45852,26797.77,26839.44479,1684755001,26747.78,-3.83759
-0.28646,-2029234.53015,26797.78,26839.44479,1684755061,26747.78,-3.84069
-0.22346,-2133735.58817,26788.69,26839.44479,1684755121,26747.78,-3.20047
-0.25748,-2076004.18042,26793.56,26839.44479,1684755181,26747.78,-3.55666
-0.20937,-2158585.0912,26786.46,26839.44479,1684755241,26747.78,-3.04522
-0.2095,-2158359.00158,26786.46,26839.44479,1684755301,26747.78,-3.04663
-0.24908,-2089971.03403,26792.28,26839.44479,1684755362,26747.78,-3.47106
-0.27079,-2054267.75235,26795.28,26839.44479,1684755421,26747.78,-3.68917
-0.3278,-1966057.64031,26802.76,26839.44479,1684755481,26747.78,-4.21809
-0.3625,-1915991.77166,26807.0,26839.44479,1684755541,26747.78,-4.51217
-0.3848,-1885130.34441,26809.62,26839.44479,1684755601,26747.78,-4.69128
-0.30724,-1996976.40049,26800.01,26839.44479,1684755661,26747.78,-4.03428
-0.30743,-1996690.37716,26800.0,26839.44479,1684755721,26747.78,-4.03599
-0.3077,-1996274.24597,26800.01,26839.44479,1684755781,26747.78,-4.03848
-0.26942,-2056478.54337,26794.86,26839.44479,1684755841,26747.78,-3.67573
-0.26954,-2056280.08799,26794.86,26839.44479,1684755901,26747.78,-3.67693
-0.30824,-1995451.51087,26799.99,26839.44479,1684755961,26747.78,-4.04339
-0.37945,-1892445.23942,26808.69,26839.44479,1684756021,26747.78,-4.64898
-0.40413,-1859185.59478,26811.49,26839.44479,1684756081,26747.78,-4.84061
-0.43261,-1822225.31082,26814.57,26839.44479,1684756141,26747.78,-5.05139
-0.43274,-1822060.90991,26814.57,26839.44479,1684756201,26747.78,-5.05233
-0.45971,-1788391.67769,26817.4,26839.44479,1684756261,26747.78,-5.24236
-0.4601,-1787921.24142,26817.4,26839.44479,1684756321,26747.78,-5.24501
-0.42815,-1827911.53074,26813.97,26839.44479,1684756381,26747.78,-5.01911
-0.41432,-1845782.85874,26812.44,26839.44479,1684756441,26747.78,-4.91731
-0.3651,-1912334.44103,26806.79,26839.44479,1684756501,26747.78,-4.53348
-0.41258,-1848065.00479,26812.19,26839.44479,1684756561,26747.78,-4.90427
-0.46223,-1785311.41237,26817.46,26839.44479,1684756621,26747.78,-5.25966
-0.518,-1719719.1785,26822.96,26839.44479,1684756681,26747.78,-5.62428
-0.53069,-1705467.63528,26824.12,26839.44479,1684756741,26747.78,-5.7026
-0.56017,-1673237.73885,26826.79,26839.44479,1684756801,26747.78,-5.87854
-0.53139,-1704683.15779,26824.06,26839.44479,1684756861,26747.78,-5.7069
-0.53191,-1704100.29383,26824.07,26839.44479,1684756921,26747.78,-5.71009
-0.69837,-1537086.40103,26837.94,26839.44479,1684756981,26747.78,-6.60428
-0.8266,-1429179.08623,26846.89,26839.44479,1684757041,26747.78,-7.16013
-0.86433,-1400253.85987,26849.2,26839.44479,1684757101,26747.78,-7.30633
-0.82654,-1429226.84134,26846.69,26839.44479,1684757161,26747.78,-7.15989
-0.86842,-1397188.15384,26849.18,26839.44479,1684757221,26747.78,-7.32176
-0.87584,-1391659.1468,26849.55,26839.44479,1684757281,26747.78,-7.34955
-0.86954,-1396355.11613,26848.62,26839.44479,1684757341,26747.78,-7.32595
-0.63921,-1592558.18499,26832.17,26839.44479,1684757401,26747.78,-6.31195
-0.58923,-1642642.00072,26827.96,26839.44479,1684757461,26747.78,-6.04407
-0.58961,-1642251.0476,26827.97,26839.44479,1684757521,26747.78,-6.04617
-0.59003,-1641815.23099,26827.97,26839.44479,1684757581,26747.78,-6.04852
-0.66913,-1564013.44107,26834.33,26839.44479,1684757641,26747.78,-6.46295
-0.65983,-1572773.62998,26833.58,26839.44479,1684757701,26747.78,-6.41674
-0.6164,-1615027.83003,26830.05,26839.44479,1684757761,26747.78,-6.19224
-0.61544,-1615992.71248,26829.91,26839.44479,1684757821,26747.78,-6.18708
-0.53173,-1704302.02014,26822.54,26839.44479,1684757881,26747.78,-5.70899
-0.53209,-1703909.5279,26822.54,26839.44479,1684757941,26747.78,-5.71114
-0.48361,-1759585.73708,26817.91,26839.44479,1684758001,26747.78,-5.40349
-0.4166,-1842822.97657,26811.01,26839.44479,1684758061,26747.78,-4.93421
-0.38446,-1885597.46285,26807.45,26839.44479,1684758121,26747.78,-4.68859
-0.59406,-1637666.86834,26827.69,26839.44479,1684758181,26747.78,-6.07085
-0.5845,-1647543.9526,26826.83,26839.44479,1684758241,26747.78,-6.01764
-0.60478,-1626727.34466,26828.46,26839.44479,1684758302,26747.78,-6.1296
-0.65953,-1573054.36004,26832.8,26839.44479,1684758361,26747.78,-6.41525
-0.66012,-1572500.36345,26832.81,26839.44479,1684758421,26747.78,-6.41818
-0.60646,-1625022.98707,26828.43,26839.44479,1684758481,26747.78,-6.13874
-0.60671,-1624772.68953,26828.42,26839.44479,1684758541,26747.78,-6.14008
-0.57846,-1653852.51001,26826.02,26839.44479,1684758601,26747.78,-5.98358
-0.50541,-1734099.14773,26819.38,26839.44479,1684758661,26747.78,-5.54493
-0.46689,-1779640.04894,26815.63,26839.44479,1684758721,26747.78,-5.29146
-0.55866,-1674857.97184,26824.1,26839.44479,1684758781,26747.78,-5.86973
-0.68671,-1547709.21795,26834.43,26839.44479,1684758841,26747.78,-6.54865
-0.75875,-1484316.43838,26839.54,26839.44479,1684758901,26747.78,-6.87819
-0.698,-1537415.55251,26835.04,26839.44479,1684758961,26747.78,-6.60256
-0.69848,-1536988.38951,26835.04,26839.44479,1684759021,26747.78,-6.60479
-0.53707,-1698389.62235,26821.87,26839.44479,1684759082,26747.78,-5.74137
-0.44224,-1810051.56539,26812.73,26839.44479,1684759142,26747.78,-5.12032
-0.45558,-1793466.61374,26813.99,26839.44479,1684759201,26747.78,-5.21384
-0.52089,-1716452.86561,26820.17,26839.44479,1684759261,26747.78,-5.64226
-0.55171,-1682356.52616,26822.91,26839.44479,1684759322,26747.78,-5.82892
-0.66602,-1566933.64295,26832.21,26839.44479,1684759381,26747.78,-6.44756
-0.58677,-1645191.58542,26825.84,26839.44479,1684759441,26747.78,-6.03033
-0.25085,-2087015.35517,26790.01,26839.44479,1684759501,26747.78,-3.48921
-0.08946,-2396179.87291,26764.99,26839.44479,1684759561,26747.78,-1.49885
-0.22745,-2126792.93465,26786.58,26839.44479,1684759621,26747.78,-3.24364
-0.1325,-2305108.0945,26772.24,26839.44479,1684759681,26747.78,-2.10519
-0.01317,-2645389.56685,26745.0,26839.44479,1684759741,26747.78,-0.25086
-0.06811,-2444071.47736,26761.02,26839.44479,1684759801,26747.78,-1.17291
-0.05521,-2763079.07023,26735.7,26839.44479,1684759861,26747.78,-1.07721
-0.02733,-2541087.37483,26753.26,26839.44479,1684759922,26747.78,-0.49706
-0.05306,-2478999.75945,26758.15,26839.44479,1684759981,26747.78,-0.93202
-0.04315,-2728247.04638,26738.53,26839.44479,1684760041,26747.78,-0.83591
-0.03179,-2696257.34339,26741.06,26839.44479,1684760101,26747.78,-0.6119
-0.05251,-2755214.52331,26736.46,26839.44479,1684760161,26747.78,-1.02296
-0.06745,-2799356.82677,26733.03,26839.44479,1684760221,26747.78,-1.32567
-0.04313,-2728198.54049,26738.6,26839.44479,1684760281,26747.78,-0.83557
-0.00702,-2629004.82415,26746.34,26839.44479,1684760341,26747.78,-0.13328
-0.07369,-2818197.56101,26731.6,26839.44479,1684760401,26747.78,-1.45358
-0.14277,-3045328.08652,26713.98,26839.44479,1684760461,26747.78,-2.93731
-0.17723,-3172854.89002,26704.3,26839.44479,1684760521,26747.78,-3.72589
-0.08495,-2852889.34639,26729.08,26839.44479,1684760581,26747.78,-1.6871
-0.09441,-2882689.18516,26726.84,26839.44479,1684760641,26747.78,-1.88566
-0.02534,-2678403.71592,26742.57,26839.44479,1684760701,26747.78,-0.48586
-0.01124,-2581526.71263,26750.0,26839.44479,1684760761,26747.78,-0.209
-0.04948,-2746423.85198,26737.4,26839.44479,1684760821,26747.78,-0.96217
-0.04363,-2729616.56724,26738.69,26839.44479,1684760881,26747.78,-0.84545
-0.05185,-2753293.23948,26736.9,26839.44479,1684760941,26747.78,-1.00969
-0.04959,-2487202.21826,26757.17,26839.44479,1684761001,26747.78,-0.87505
-0.06605,-2448798.72473,26760.08,26839.44479,1684761061,26747.78,-1.14046
-0.01039,-2583687.50525,26749.82,26839.44479,1684761121,26747.78,-0.1935
-0.0192,-2661646.63875,26743.9,26839.44479,1684761181,26747.78,-0.3669
-0.06788,-2444602.24336,26760.37,26839.44479,1684761241,26747.78,-1.16927
-0.11974,-2331367.4486,26768.92,26839.44479,1684761301,26747.78,-1.93214
-0.15239,-2265332.26923,26773.9,26839.44479,1684761361,26747.78,-2.36461
-0.11296,-2345570.7165,26767.81,26839.44479,1684761421,26747.78,-1.83795
-0.10013,-2372944.52818,26765.73,26839.44479,1684761481,26747.78,-1.65521
-0.12701,-2316339.54083,26769.99,26839.44479,1684761541,26747.78,-2.03135
-0.12704,-2316277.94295,26769.99,26839.44479,1684761601,26747.78,-2.03176
-0.25639,-2077801.07751,26787.95,26839.44479,1684761661,26747.78,-3.54567
-0.3391,-1949465.65253,26797.53,26839.44479,1684761721,26747.78,-4.31603
-0.22548,-2130207.79401,26783.89,26839.44479,1684761781,26747.78,-3.22242
-0.29116,-2021847.97556,26792.01,26839.44479,1684761841,26747.78,-3.88519
-0.34786,-1936801.90048,26798.35,26839.44479,1684761901,26747.78,-4.39046
-0.34343,-1943189.43049,26797.8,26839.44479,1684761961,26747.78,-4.35296
-0.27292,-2050824.81752,26789.71,26839.44479,1684762022,26747.78,-3.71007
-0.32864,-1964818.3152,26796.14,26839.44479,1684762081,26747.78,-4.22542
-0.18675,-2199728.51938,26778.52,26839.44479,1684762141,26747.78,-2.78554
-0.18244,-2207763.03158,26777.89,26839.44479,1684762201,26747.78,-2.73445
-0.34257,-1944438.3364,26797.52,26839.44479,1684762261,26747.78,-4.34561
-0.33726,-1952151.55007,26796.92,26839.44479,1684762321,26747.78,-4.30021
-1.25876,-1155739.98117,26855.99,26839.44479,1684762381,26747.78,-8.49737
-55.97189,-45821.48346,26934.58,26839.44479,1684762441,26747.78,-13.05657
-4.8145,-448970.1466,26903.96,26839.44479,1684762501,26747.78,-11.5426
-2.01699,-865277.58422,26873.26,26839.44479,1684762561,26747.78,-9.81547
-5.66389,-391743.58126,26906.59,26839.44479,1684762621,26747.78,-11.76647
-5.45882,-404181.92232,26905.1,26839.44479,1684762681,26747.78,-11.71808
-15.06052,-162543.72167,26921.53,26839.44479,1684762741,26747.78,-12.63296
-18.94192,-130906.96578,26923.44,26839.44479,1684762801,26747.78,-12.74892
-23.41216,-106935.91404,26924.72,26839.44479,1684762861,26747.78,-12.83621
9.48399,307701.5084,26953.22,26839.44479,1684762921,26747.78,14.27251
4.46573,753242.6954,26978.06,26839.44479,1684762981,26747.78,15.67526
2.46133,1786407.39248,27041.9,26839.44479,1684763041,26747.78,18.46892
2.66498,1567909.44656,27021.67,26839.44479,1684763101,26747.78,17.92504
3.00262,1303562.00676,27003.24,26839.44479,1684763161,26747.78,17.23522
2.83928,1419326.88943,27009.43,26839.44479,1684763221,26747.78,17.54175
2.59756,1634078.08729,27022.05,26839.44479,1684763281,26747.78,18.09217
2.94606,1341448.00003,27002.46,26839.44479,1684763341,26747.78,17.33632
2.88385,1385742.69526,27004.44,26839.44479,1684763402,26747.78,17.45355
2.17483,2222063.34367,27056.0,26839.44479,1684763461,26747.78,19.48835
2.31133,1990750.4893,27039.2,26839.44479,1684763521,26747.78,18.95744
2.351,1932300.46944,27034.42,26839.44479,1684763581,26747.78,18.81962
2.69318,1541794.39629,27009.16,26839.44479,1684763641,26747.78,17.85848
2.55906,1674424.90643,27016.85,26839.44479,1684763701,26747.78,18.19304
2.31747,1981477.54464,27035.24,26839.44479,1684763761,26747.78,18.93567
2.46517,1781733.69416,27022.04,26839.44479,1684763821,26747.78,18.45753
2.66199,1570733.01152,27008.36,26839.44479,1684763881,26747.78,17.93221
2.55471,1679114.39151,27014.62,26839.44479,1684763941,26747.78,18.20471
2.68131,1552684.53814,27006.36,26839.44479,1684764001,26747.78,17.88627
2.23439,2114843.65074,27040.47,26839.44479,1684764061,26747.78,19.24508
2.37206,1902635.36677,27026.36,26839.44479,1684764121,26747.78,18.7491
3.21147,1180453.17353,26981.48,26839.44479,1684764181,26747.78,16.90136
7.54065,399124.78441,26931.73,26839.44479,1684764241,26747.78,14.57157
-99.15244,-26065.63098,26904.77,26839.44479,1684764301,26747.78,-13.12714
4.6327,718621.67306,26949.06,26839.44479,1684764362,26747.78,15.57102
7.70212,389509.2865,26928.54,26839.44479,1684764421,26747.78,14.5404
12.26622,231713.56833,26918.77,26839.44479,1684764482,26747.78,14.01928
-2.63077,-719004.43478,26860.0,26839.44479,1684764541,26747.78,-10.44287
-0.67261,-1560752.08076,26809.25,26839.44479,1684764601,26747.78,-6.48012
-1.54632,-1025218.6081,26839.99,26839.44479,1684764661,26747.78,-9.10203
-1.92679,-891945.3821,26847.23,26839.44479,1684764721,26747.78,-9.69855
-8.94441,-262512.85228,26883.22,26839.44479,1684764781,26747.78,-12.26082
-17.23139,-143189.0999,26889.85,26839.44479,1684764841,26747.78,-12.704
-7.62504,-302669.44367,26880.37,26839.44479,1684764901,26747.78,-12.10884
-5.77399,-385376.26222,26875.41,26839.44479,1684764961,26747.78,-11.79119
39.22909,68286.6503,26901.3,26839.44479,1684765021,26747.78,13.45978
7.31618,413309.46491,26920.13,26839.44479,1684765081,26747.78,14.61743
7.81426,383099.0696,26918.0,26839.44479,1684765141,26747.78,14.51958
5.6989,555563.31401,26927.03,26839.44479,1684765201,26747.78,15.06957
-108.17959,-23910.48291,26894.03,26839.44479,1684765261,26747.78,-13.13482
49.68556,53620.3521,26898.21,26839.44479,1684765321,26747.78,13.40854
-38.49081,-66104.92372,26891.33,26839.44479,1684765381,26747.78,-12.98378
25.99063,104460.62708,26900.83,26839.44479,1684765441,26747.78,13.58541
3.86245,911992.78537,26945.63,26839.44479,1684765501,26747.78,16.14362
3.44702,1066822.13597,26953.27,26839.44479,1684765562,26747.78,16.58572
4.13147,833645.50206,26940.0,26839.44479,1684765621,26747.78,15.91443
3.3874,1093464.42567,26953.84,26839.44479,1684765681,26747.78,16.66039
2.91586,1362591.36048,26967.89,26839.44479,1684765741,26747.78,17.39241
3.70228,966050.48719,26945.53,26839.44479,1684765806,26747.78,16.29959
3.39676,1089193.58389,26951.94,26839.44479,1684765861,26747.78,16.64844
3.18528,1194600.55665,26957.47,26839.44479,1684765921,26747.78,16.94015
2.39336,1873560.92986,26993.66,26839.44479,1684765981,26747.78,18.67959
2.87293,1393828.52141,26967.02,26839.44479,1684766041,26747.78,17.47484
2.84451,1415301.85685,26967.88,26839.44479,1684766101,26747.78,17.53121
2.98995,1311860.03495,26961.88,26839.44479,1684766161,26747.78,17.25743
2.75037,1491423.0979,26971.5,26839.44479,1684766221,26747.78,17.72913
3.06898,1261747.65711,26958.52,26839.44479,1684766281,26747.78,17.12275
2.86195,1402042.12043,26966.05,26839.44479,1684766341,26747.78,17.49643
2.86514,1399645.57363,26965.69,26839.44479,1684766401,26747.78,17.49013
4.927,664766.6244,26925.27,26839.44479,1684766461,26747.78,15.40734
4.48811,748410.031,26929.62,26839.44479,1684766521,26747.78,15.66076
5.47848,582907.13882,26920.55,26839.44479,1684766581,26747.78,15.1549
12.04574,236338.87432,26901.46,26839.44479,1684766641,26747.78,14.03482
6.69886,458080.58106,26913.25,26839.44479,1684766701,26747.78,14.76125
15.27107,182925.02694,26898.09,26839.44479,1684766762,26747.78,13.85441
12.46622,227672.0227,26900.31,26839.44479,1684766821,26747.78,14.00569
9.18703,318862.62088,26905.09,26839.44479,1684766881,26747.78,14.30935
5.22487,617896.78497,26921.01,26839.44479,1684766941,26747.78,15.26334
5.89225,533606.0496,26916.33,26839.44479,1684767001,26747.78,15.00069
4.8896,671158.06529,26923.54,26839.44479,1684767061,26747.78,15.42686
6.72029,456364.24868,26911.89,26839.44479,1684767121,26747.78,14.75576
7.51483,400706.60316,26908.68,26839.44479,1684767181,26747.78,14.57669
6.54418,470860.54269,26912.28,26839.44479,1684767241,26747.78,14.80204
5.54533,574333.92486,26917.66,26839.44479,1684767301,26747.78,15.1282
5.18792,623349.82323,26920.14,26839.44479,1684767361,26747.78,15.28017
5.01956,649457.79469,26921.35,26839.44479,1684767421,26747.78,15.36046
5.67456,558456.45797,26916.32,26839.44479,1684767481,26747.78,15.07863
4.19377,817382.80605,26930.0,26839.44479,1684767541,26747.78,15.86638
2.9508,1338185.88588,26957.27,26839.44479,1684767601,26747.78,17.32764
2.79663,1453017.08938,26962.7,26839.44479,1684767661,26747.78,17.62964
3.48098,1052217.89025,26941.23,26839.44479,1684767721,26747.78,16.54462
3.62319,995177.24346,26937.76,26839.44479,1684767781,26747.78,16.3829
4.37477,773545.68416,26925.85,26839.44479,1684767841,26747.78,15.73604
4.73442,699047.1395,26921.67,26839.44479,1684767901,26747.78,15.51175
10.20159,283704.85145,26899.35,26839.44479,1684767961,26747.78,14.19301
-21.42147,-116430.1983,26877.92,26839.44479,1684768021,26747.78,-12.8017
-12.42027,-194521.97221,26873.63,26839.44479,1684768081,26747.78,-12.51488
-10.69372,-223242.68259,26871.99,26839.44479,1684768141,26747.78,-12.40806
-10.3697,-229604.63378,26871.43,26839.44479,1684768201,26747.78,-12.3843
206.36968,12711.40248,26883.72,26839.44479,1684768261,26747.78,13.26472
-13.59388,-178878.90248,26873.6,26839.44479,1684768321,26747.78,-12.57275
-10.79173,-221387.044,26871.31,26839.44479,1684768381,26747.78,-12.41498
-6.66199,-340712.44293,26865.0,26839.44479,1684768441,26747.78,-11.96351
-3.86267,-536852.85674,26854.58,26839.44479,1684768501,26747.78,-11.19269
-4.20156,-501875.91902,26856.16,26839.44479,1684768561,26747.78,-11.33286
-3.57729,-570323.46784,26852.26,26839.44479,1684768621,26747.78,-11.05744
-1.87501,-908010.49548,26834.8,26839.44479,1684768681,26747.78,-9.62772
-1.01511,-1295481.65451,26814.85,26839.44479,1684768741,26747.78,-7.82633
-1.59031,-1007810.27493,26829.46,26839.44479,1684768801,26747.78,-9.18112
-1.73297,-955200.23098,26832.07,26839.44479,1684768862,26747.78,-9.41799
-3.04338,-645633.02014,26847.75,26839.44479,1684768921,26747.78,-10.74899
-2.66315,-712648.6914,26844.24,26839.44479,1684768981,26747.78,-10.46961
-4.36524,-486564.65047,26855.65,26839.44479,1684769041,26747.78,-11.39384
-11.71062,-205382.34339,26869.81,26839.44479,1684769101,26747.78,-12.47457
-12.27689,-196622.61704,26870.05,26839.44479,1684769161,26747.78,-12.50709
-5.61865,-394421.30318,26860.0,26839.44479,1684769221,26747.78,-11.75606
-3.41493,-591297.35187,26849.99,26839.44479,1684769281,26747.78,-10.97211
-3.94026,-528420.57125,26853.12,26839.44479,1684769341,26747.78,-11.22659
-3.78519,-545544.81921,26852.2,26839.44479,1684769401,26747.78,-11.15768
-3.78519,-545544.81921,26852.2,26839.44479,1684769401,26747.78,-11.15768
76.15908,34733.48579,26881.39,26839.44479,1684769461,26747.78,13.34231
-27.46591,-91707.48749,26874.58,26839.44479,1684769521,26747.78,-12.89141
-14.55907,-167782.30896,26870.71,26839.44479,1684769581,26747.78,-12.61368
